50                                                                   
42                                                                   
    48                                                                   
    61                                                                   
    60                                                                   
    53                                                                   
    39                                                                   
    54                                                                   
    42                                                                   
   59                                                                   
    53                          
